1 1 21 12 22 13 23 14 24 15 25 16 26 17 27 18 28 19 29 20 30 -1
2 2 31 3 32 4 33 5 34 6 35 7 36 8 37 9 38 10 39 11 40 -1
3 41 51 42 52 43 53 44 54 45 55 46 56 47 57 48 58 49 59 50 60 -1
4 61 71 62 72 63 73 64 74 65 75 66 76 67 77 68 78 69 79 70 80 -1
5 81 91 82 92 83 93 84 94 85 95 86 96 87 97 88 98 89 99 90 100 -1
6 101 111 102 112 103 113 104 114 105 115 106 116 107 117 108 118 109 119 110 120 -1
7 121 131 122 132 123 133 124 134 125 135 126 136 127 137 128 138 129 139 130 140 -1
8 141 151 142 152 143 153 144 154 145 155 146 156 147 157 148 158 149 159 150 160 -1
9 161 171 162 172 163 173 164 174 165 175 166 176 167 177 168 178 169 179 170 180 -1
10 181 191 182 192 183 193 184 194 185 195 186 196 187 197 188 198 189 199 190 200 -1
11 201 211 202 212 203 213 204 214 205 215 206 216 207 217 208 218 209 219 210 220 -1
12 221 231 222 232 223 233 224 234 225 235 226 236 227 237 228 238 229 239 230 240 -1
13 241 251 242 252 243 253 244 254 245 255 246 256 247 257 248 258 249 259 250 260 -1
