195 340 100
299 314 100
299 314 200
299 314 300
299 314 400
299 314 500
299 314 600
299 314 700
299 314 800
299 314 900
299 314 1000
195 340 200
195 340 300
195 340 400
195 340 500
195 340 600
195 340 700
195 340 800
195 340 900
195 340 1000
236 373 100
236 373 200
236 373 300
236 373 400
236 373 500
236 373 600
236 373 700
236 373 800
236 373 900
236 373 1000
267 351 100
267 351 200
267 351 300
267 351 400
267 351 500
267 351 600
267 351 700
267 351 800
267 351 900
267 351 1000
248 298 100
248 298 200
248 298 300
248 298 400
248 298 500
248 298 600
248 298 700
248 298 800
248 298 900
248 298 1000
296 333 100
296 333 200
296 333 300
296 333 400
296 333 500
296 333 600
296 333 700
296 333 800
296 333 900
296 333 1000
274 276 100
274 276 200
274 276 300
274 276 400
274 276 500
274 276 600
274 276 700
274 276 800
274 276 900
274 276 1000
317 313 100
317 313 200
317 313 300
317 313 400
317 313 500
317 313 600
317 313 700
317 313 800
317 313 900
317 313 1000
299 252 100
299 252 200
299 252 300
299 252 400
299 252 500
299 252 600
299 252 700
299 252 800
299 252 900
299 252 1000
354 292 100
354 292 200
354 292 300
354 292 400
354 292 500
354 292 600
354 292 700
354 292 800
354 292 900
354 292 1000
330 229 100
330 229 200
330 229 300
330 229 400
330 229 500
330 229 600
330 229 700
330 229 800
330 229 900
330 229 1000
378 268 100
378 268 200
378 268 300
378 268 400
378 268 500
378 268 600
378 268 700
378 268 800
378 268 900
378 268 1000
427 409 100
427 409 200
427 409 300
427 409 400
427 409 500
427 409 600
427 409 700
427 409 800
427 409 900
427 409 1000
415 635 100
415 635 200
415 635 300
415 635 400
415 635 500
415 635 600
415 635 700
415 635 800
415 635 900
415 635 1000
457 436 100
457 436 200
457 436 300
457 436 400
457 436 500
457 436 600
457 436 700
457 436 800
457 436 900
457 436 1000
453 622 100
453 622 200
453 622 300
453 622 400
453 622 500
453 622 600
453 622 700
453 622 800
453 622 900
453 622 1000
495 459 100
495 459 200
495 459 300
495 459 400
495 459 500
495 459 600
495 459 700
495 459 800
495 459 900
495 459 1000
497 601 100
497 601 200
497 601 300
497 601 400
497 601 500
497 601 600
497 601 700
497 601 800
497 601 900
497 601 1000
538 485 100
538 485 200
538 485 300
538 485 400
538 485 500
538 485 600
538 485 700
538 485 800
538 485 900
538 485 1000
540 579 100
540 579 200
540 579 300
540 579 400
540 579 500
540 579 600
540 579 700
540 579 800
540 579 900
540 579 1000
579 516 100
579 516 200
579 516 300
579 516 400
579 516 500
579 516 600
579 516 700
579 516 800
579 516 900
579 516 1000
581 563 100
581 563 200
581 563 300
581 563 400
581 563 500
581 563 600
581 563 700
581 563 800
581 563 900
581 563 1000
530 434 100
530 434 200
530 434 300
530 434 400
530 434 500
530 434 600
530 434 700
530 434 800
530 434 900
530 434 1000
1035 140 100
1035 140 200
1035 140 300
1035 140 400
1035 140 500
1035 140 600
1035 140 700
1035 140 800
1035 140 900
1035 140 1000
575 463 100
575 463 200
575 463 300
575 463 400
575 463 500
575 463 600
575 463 700
575 463 800
575 463 900
575 463 1000
1072 176 100
1072 176 200
1072 176 300
1072 176 400
1072 176 500
1072 176 600
1072 176 700
1072 176 800
1072 176 900
1072 176 1000
